4 0.714815 0.423438 0.108333 0.109375
1 0.236111 0.163542 0.417593 0.031771
4 0.281481 0.491146 0.112037 0.130729
1 0.762963 0.163021 0.417593 0.030208
1 0.166667 0.635417 0.109259 0.075521
1 0.276852 0.635938 0.109259 0.074479
2 0.500000 0.573958 0.104630 0.068750
4 0.832407 0.575000 0.104630 0.064062
4 0.721296 0.575000 0.104630 0.063542
6 0.279630 0.570312 0.103704 0.066146
1 0.611111 0.578646 0.106481 0.064583
1 0.392593 0.340625 0.102778 0.066146
6 0.392593 0.396354 0.100000 0.067187
4 0.394444 0.232292 0.099074 0.059375
2 0.714815 0.339062 0.101852 0.060937
6 0.500000 0.227604 0.097222 0.061979
2 0.287037 0.284375 0.100926 0.063021
2 0.393519 0.284375 0.100926 0.062500
1 0.830556 0.516146 0.105556 0.056250
0 0.829630 0.454167 0.100926 0.058854
0 0.502778 0.284896 0.099074 0.056250
4 0.713889 0.223438 0.094444 0.055729
0 0.288889 0.340104 0.100000 0.057813
0 0.718519 0.284375 0.104630 0.056771
3 0.825000 0.393750 0.097222 0.058333
3 0.289815 0.226562 0.095370 0.055208
1 0.500000 0.137500 0.262037 0.014583
4 0.605556 0.230208 0.098148 0.064583
