4 0.350000 0.227083 0.203704 0.063021
1 0.227778 0.163542 0.400000 0.031771
1 0.773148 0.163021 0.397222 0.030208
4 0.500000 0.635417 0.104630 0.064583
4 0.498148 0.396354 0.110185 0.064583
4 0.287037 0.398958 0.110185 0.060937
6 0.500926 0.570312 0.103704 0.065625
2 0.278704 0.572396 0.104630 0.066146
6 0.500926 0.452083 0.101852 0.063542
4 0.601852 0.232813 0.106481 0.060417
0 0.500000 0.150000 0.282407 0.039583
6 0.500926 0.227604 0.098148 0.061979
4 0.504630 0.507292 0.095370 0.060417
0 0.093519 0.526563 0.131481 0.072917
4 0.504630 0.334375 0.098148 0.057813
1 0.830556 0.518750 0.105556 0.064062
3 0.166667 0.633333 0.100000 0.068229
0 0.503704 0.281250 0.098148 0.050521
3 0.277778 0.633333 0.100000 0.068750
4 0.710185 0.228646 0.097222 0.061458
3 0.823148 0.341146 0.095370 0.065625
