1 0.236111 0.163542 0.416667 0.031771
4 0.611111 0.256250 0.092593 0.121354
1 0.762963 0.163021 0.417593 0.030208
2 0.500000 0.341667 0.100000 0.065625
2 0.181481 0.285938 0.100000 0.065625
0 0.718519 0.457813 0.106481 0.065625
0 0.716667 0.288021 0.098148 0.063542
4 0.282407 0.513542 0.100000 0.073438
4 0.291667 0.278646 0.091667 0.056250
4 0.824074 0.278646 0.092593 0.056771
4 0.729630 0.391146 0.112037 0.058333
0 0.398148 0.227604 0.098148 0.052604
1 0.500000 0.137500 0.262037 0.014583
5 0.508333 0.678646 0.113889 0.048958
