4 0.550000 0.232813 0.210185 0.070312
1 0.226852 0.164062 0.399074 0.032292
1 0.773148 0.163021 0.397222 0.030729
1 0.165741 0.633854 0.112963 0.072917
1 0.090741 0.527604 0.126852 0.077604
2 0.829630 0.515625 0.104630 0.070833
4 0.500000 0.635417 0.104630 0.064583
0 0.821296 0.335417 0.106481 0.080729
1 0.718519 0.456771 0.104630 0.070312
4 0.498148 0.399479 0.110185 0.061979
0 0.501852 0.450000 0.103704 0.068750
4 0.716667 0.399479 0.101852 0.061458
2 0.500926 0.513021 0.103704 0.066146
0 0.500000 0.150000 0.282407 0.039583
6 0.500926 0.337500 0.100000 0.061979
1 0.498148 0.287500 0.112037 0.053646
4 0.400926 0.334896 0.100000 0.072396
3 0.391667 0.455208 0.097222 0.066667
1 0.714815 0.342708 0.102778 0.053646
