1 0.227778 0.164062 0.400000 0.032292
1 0.773148 0.163021 0.397222 0.030729
6 0.500926 0.338542 0.100000 0.064062
4 0.716667 0.399479 0.101852 0.061458
1 0.816667 0.228646 0.102778 0.061979
4 0.818519 0.286979 0.100926 0.059896
0 0.500000 0.150000 0.282407 0.039583
2 0.719444 0.511979 0.102778 0.063542
1 0.822222 0.346354 0.103704 0.062500
4 0.834259 0.502083 0.095370 0.069792
1 0.718519 0.458333 0.104630 0.058333
0 0.393519 0.341146 0.104630 0.059375
4 0.726852 0.566667 0.096296 0.060937
3 0.503704 0.397396 0.092593 0.066146
