1 0.227778 0.163542 0.400000 0.031771
1 0.774074 0.163021 0.396296 0.030208
1 0.090741 0.527604 0.126852 0.077604
6 0.165741 0.632292 0.105556 0.069792
4 0.500000 0.635417 0.104630 0.064583
0 0.500926 0.572917 0.108333 0.061979
1 0.396296 0.341146 0.109259 0.066667
4 0.601852 0.232813 0.106481 0.060417
0 0.500000 0.150000 0.282407 0.039583
1 0.821296 0.346354 0.104630 0.062500
6 0.500926 0.338542 0.100000 0.063542
4 0.834259 0.502083 0.095370 0.069792
4 0.400926 0.223958 0.094444 0.056771
3 0.503704 0.397396 0.092593 0.066146
1 0.712037 0.232813 0.101852 0.054688
