1 0.228704 0.164062 0.402778 0.032813
1 0.774074 0.162500 0.395370 0.029687
1 0.165741 0.633854 0.112963 0.072917
2 0.829630 0.515625 0.104630 0.070833
1 0.498148 0.278125 0.112037 0.072917
4 0.500000 0.635417 0.104630 0.064583
4 0.498148 0.399479 0.110185 0.061979
0 0.501852 0.450000 0.103704 0.068750
1 0.396296 0.341146 0.109259 0.066667
2 0.500926 0.513021 0.103704 0.066146
0 0.500000 0.150000 0.282407 0.039583
6 0.500926 0.337500 0.100000 0.061979
0 0.714815 0.343750 0.104630 0.064062
0 0.825000 0.343750 0.099074 0.064583
3 0.391667 0.455208 0.097222 0.066667
1 0.820370 0.284896 0.101852 0.063542
