1 0.235185 0.164062 0.415741 0.032292
1 0.763889 0.163021 0.416667 0.030729
1 0.612037 0.635417 0.107407 0.072396
6 0.723148 0.632292 0.104630 0.070312
2 0.388889 0.635417 0.105556 0.072396
2 0.835185 0.635417 0.106481 0.072396
6 0.281481 0.512500 0.103704 0.068750
2 0.394444 0.285938 0.100000 0.065625
6 0.609259 0.454167 0.100926 0.067708
2 0.282407 0.453646 0.102778 0.064062
0 0.503704 0.457813 0.101852 0.065625
0 0.391667 0.573958 0.104630 0.063542
0 0.503704 0.288021 0.098148 0.063542
4 0.291667 0.278646 0.091667 0.056250
0 0.175000 0.454688 0.104630 0.059375
1 0.178704 0.343750 0.102778 0.058333
1 0.500000 0.233854 0.102778 0.054688
1 0.395370 0.233333 0.102778 0.055729
4 0.213889 0.672917 0.147222 0.059896
0 0.187963 0.228125 0.100000 0.052083
3 0.501852 0.633333 0.100000 0.068750
4 0.605556 0.230208 0.098148 0.064583
3 0.392593 0.451042 0.098148 0.058333
1 0.500000 0.137500 0.262037 0.014583
