2 0.392593 0.369271 0.101852 0.120833
1 0.237037 0.163542 0.418519 0.031771
4 0.611111 0.256250 0.092593 0.121354
1 0.762963 0.162500 0.417593 0.029687
1 0.280556 0.515104 0.105556 0.071354
2 0.500000 0.341667 0.100000 0.065625
1 0.718519 0.456771 0.104630 0.070312
2 0.181481 0.285938 0.100000 0.065625
4 0.729630 0.395833 0.112037 0.068229
0 0.716667 0.288021 0.098148 0.063542
4 0.291667 0.278646 0.091667 0.056250
4 0.824074 0.278646 0.092593 0.056771
0 0.398148 0.227604 0.098148 0.052604
1 0.500000 0.137500 0.262037 0.014583
