1 0.227778 0.164062 0.400926 0.032813
1 0.774074 0.162500 0.395370 0.029687
2 0.165741 0.635417 0.105556 0.072396
2 0.276852 0.635417 0.106481 0.072396
1 0.500926 0.513542 0.105556 0.068229
4 0.500000 0.635417 0.104630 0.064583
4 0.287037 0.399479 0.110185 0.061458
4 0.498148 0.398438 0.110185 0.059896
2 0.500926 0.571354 0.103704 0.064062
6 0.500926 0.452604 0.101852 0.064583
0 0.500000 0.150000 0.282407 0.039583
1 0.821296 0.346354 0.104630 0.062500
4 0.283333 0.571875 0.096296 0.070833
6 0.711111 0.226562 0.099074 0.059896
0 0.093519 0.526563 0.131481 0.072917
4 0.291667 0.278646 0.091667 0.056250
1 0.830556 0.518750 0.105556 0.064062
3 0.392593 0.454167 0.098148 0.065104
3 0.501852 0.224479 0.094444 0.052604
