2 0.392593 0.369271 0.101852 0.120833
1 0.235185 0.164062 0.415741 0.032292
4 0.611111 0.256250 0.092593 0.121354
1 0.763889 0.163021 0.416667 0.030729
2 0.500000 0.341667 0.100000 0.065625
2 0.181481 0.285938 0.100000 0.065625
0 0.718519 0.457813 0.106481 0.065625
4 0.729630 0.395833 0.112037 0.068229
0 0.716667 0.288021 0.098148 0.063542
4 0.282407 0.513542 0.100000 0.073438
4 0.291667 0.278646 0.091667 0.056250
4 0.824074 0.278646 0.092593 0.056771
0 0.398148 0.227604 0.098148 0.052604
1 0.500000 0.137500 0.262037 0.014583
