2 0.392593 0.369271 0.101852 0.120833
1 0.237963 0.164062 0.420370 0.032813
4 0.611111 0.256250 0.092593 0.121354
3 0.501852 0.603125 0.100000 0.128646
1 0.762963 0.162500 0.418519 0.029687
2 0.612037 0.635417 0.106481 0.072396
2 0.500000 0.341667 0.100000 0.065625
2 0.181481 0.285938 0.100000 0.065625
1 0.281481 0.519271 0.105556 0.063021
2 0.611111 0.513021 0.103704 0.066146
3 0.389815 0.633333 0.100000 0.068229
4 0.729630 0.395833 0.112037 0.068229
1 0.389815 0.576562 0.106481 0.059375
0 0.716667 0.288021 0.098148 0.063542
0 0.612037 0.454688 0.100926 0.059375
4 0.291667 0.278646 0.091667 0.056250
4 0.824074 0.278646 0.092593 0.056771
0 0.398148 0.227604 0.098148 0.052604
3 0.612037 0.569792 0.099074 0.061458
3 0.391667 0.509896 0.098148 0.059896
1 0.500000 0.137500 0.262037 0.014583
