1 0.227778 0.163542 0.400926 0.031771
1 0.774074 0.162500 0.396296 0.029687
2 0.164815 0.633333 0.111111 0.070833
6 0.500926 0.338542 0.100000 0.064062
4 0.716667 0.399479 0.101852 0.061458
0 0.500000 0.150000 0.282407 0.039583
2 0.719444 0.511979 0.102778 0.063542
1 0.822222 0.346354 0.103704 0.062500
4 0.834259 0.502083 0.095370 0.069792
1 0.718519 0.458333 0.104630 0.058333
0 0.393519 0.341146 0.104630 0.059375
4 0.726852 0.566667 0.096296 0.060937
3 0.503704 0.397396 0.092593 0.066146
1 0.712037 0.229167 0.101852 0.061979
5 0.091667 0.528125 0.127778 0.077083
