1 0.227778 0.163542 0.400000 0.031771
1 0.774074 0.163021 0.395370 0.030208
1 0.090741 0.527604 0.126852 0.077604
6 0.391667 0.454167 0.101852 0.067708
1 0.500926 0.513542 0.105556 0.068229
4 0.500000 0.635417 0.104630 0.064583
4 0.498148 0.398438 0.110185 0.059896
0 0.165741 0.633854 0.114815 0.066146
2 0.500926 0.571354 0.103704 0.064062
6 0.500926 0.452604 0.101852 0.064583
0 0.500000 0.150000 0.282407 0.039583
1 0.821296 0.346354 0.104630 0.062500
6 0.711111 0.226562 0.099074 0.059896
4 0.291667 0.278646 0.091667 0.056250
1 0.830556 0.518750 0.105556 0.064062
3 0.285185 0.397396 0.096296 0.066146
3 0.501852 0.224479 0.094444 0.052604
