4 0.550000 0.232813 0.210185 0.070312
1 0.227778 0.163542 0.400926 0.031771
1 0.774074 0.163021 0.395370 0.030208
1 0.165741 0.633854 0.112963 0.072917
1 0.829630 0.516146 0.107407 0.072917
2 0.724074 0.635417 0.106481 0.072396
1 0.090741 0.527604 0.126852 0.077604
2 0.391667 0.456771 0.103704 0.070312
2 0.184259 0.232292 0.100000 0.067187
4 0.500000 0.635417 0.104630 0.064583
0 0.821296 0.335417 0.106481 0.080729
4 0.721296 0.574479 0.104630 0.063021
4 0.498148 0.399479 0.110185 0.061979
0 0.501852 0.450000 0.103704 0.068750
4 0.716667 0.399479 0.101852 0.061458
6 0.720370 0.510417 0.102778 0.065104
2 0.500926 0.513021 0.103704 0.066146
0 0.500000 0.150000 0.282407 0.039583
6 0.500926 0.337500 0.100000 0.061979
3 0.278704 0.583333 0.099074 0.067187
0 0.290741 0.233333 0.105556 0.062500
1 0.718519 0.457292 0.104630 0.056771
1 0.498148 0.287500 0.112037 0.053646
3 0.394444 0.334896 0.096296 0.053125
1 0.714815 0.342708 0.102778 0.053646
