1 0.226852 0.164062 0.399074 0.032292
1 0.773148 0.163021 0.398148 0.030729
4 0.498148 0.428125 0.110185 0.119271
6 0.165741 0.632292 0.105556 0.070312
1 0.090741 0.527604 0.126852 0.077604
4 0.500000 0.635417 0.104630 0.064583
1 0.396296 0.341146 0.109259 0.066667
1 0.181481 0.286979 0.101852 0.068229
4 0.601852 0.232813 0.106481 0.060417
0 0.500000 0.150000 0.282407 0.039583
1 0.821296 0.346354 0.104630 0.062500
6 0.500926 0.337500 0.100000 0.061979
0 0.502778 0.572917 0.102778 0.061979
4 0.834259 0.502083 0.095370 0.069792
1 0.500926 0.517188 0.105556 0.059375
4 0.400926 0.223958 0.094444 0.056771
1 0.712037 0.232813 0.101852 0.054688
