4 0.550000 0.232813 0.210185 0.070312
1 0.228704 0.164062 0.402778 0.032292
1 0.774074 0.162500 0.395370 0.029687
1 0.165741 0.633854 0.112963 0.072917
1 0.829630 0.516146 0.107407 0.072917
1 0.090741 0.527604 0.126852 0.077604
6 0.391667 0.454167 0.101852 0.067708
4 0.500000 0.635417 0.104630 0.064583
0 0.821296 0.335417 0.106481 0.080729
4 0.498148 0.399479 0.110185 0.061979
0 0.501852 0.450000 0.103704 0.068750
4 0.716667 0.399479 0.101852 0.061458
6 0.720370 0.510417 0.102778 0.064583
2 0.500926 0.513021 0.103704 0.066146
0 0.500000 0.150000 0.282407 0.039583
6 0.500926 0.337500 0.100000 0.061979
4 0.726852 0.566667 0.096296 0.060937
0 0.290741 0.233333 0.105556 0.062500
1 0.718519 0.457292 0.104630 0.056771
0 0.393519 0.341146 0.104630 0.059375
1 0.498148 0.287500 0.112037 0.053646
2 0.466667 0.683333 0.095370 0.039062
1 0.714815 0.342708 0.102778 0.053646
