1 0.227778 0.164062 0.400926 0.032292
1 0.774074 0.162500 0.395370 0.029687
2 0.391667 0.456771 0.103704 0.070312
1 0.284259 0.397917 0.104630 0.072396
4 0.500000 0.635417 0.104630 0.064583
0 0.821296 0.335417 0.106481 0.080729
4 0.498148 0.399479 0.110185 0.061979
4 0.166667 0.631250 0.105556 0.072396
0 0.501852 0.450000 0.103704 0.068750
2 0.500926 0.513021 0.103704 0.066146
0 0.500000 0.150000 0.282407 0.039583
6 0.500926 0.337500 0.100000 0.061979
0 0.093519 0.526563 0.131481 0.072917
1 0.498148 0.287500 0.112037 0.053646
0 0.290741 0.282813 0.098148 0.053646
3 0.501852 0.226042 0.094444 0.055208
3 0.394444 0.334896 0.096296 0.053125
3 0.290741 0.226042 0.094444 0.055729
